function [rgb] = c_ACh()

rgb = [237 163 67]/255;
% rgb = [252 90 96]/255;